&namelist70
ctimeinp=-1.825000e+00,
aipinp=5.502877e+00,
ccurinp=-1.409136e-03,-1.206918e-02,-1.193227e-02,-3.910874e-03,-1.206391e-02,-1.032713e-02,8.335814e-03,1.046963e-02,2.451460e-03,-1.744699e-02,3.546300e-05,-4.299509e-05,
tprbinp=5.980424e-01,7.127732e-01,6.876319e-01,6.249614e-01,5.983954e-01,5.829140e-01,4.448897e-01,1.884306e-01,-1.683028e-01,-2.456411e-01,-6.977933e-02,1.101860e-01,4.480006e-01,7.710073e-01,1.053079e+00,1.108247e+00,1.029142e+00,7.550558e-01,4.846889e-01,2.464320e-01,-2.354267e-02,-3.593594e-01,-3.850216e-01,4.720877e-02,4.457351e-01,6.841698e-01,8.039199e-01,7.258292e-01,6.233815e-01,5.477706e-01,5.658133e-01,6.539690e-01,7.139041e-01,7.753106e-01,8.035419e-01,7.993045e-01,7.704763e-01,7.722332e-01,7.062409e-01,7.387270e-01,7.607312e-01,7.578802e-01,7.282197e-01,6.839638e-01,6.047130e-01,
fluxlinp=-8.995524e-03,3.335582e-01,1.194494e+00,1.634108e+00,1.834161e+00,2.003214e+00,2.101538e+00,1.996273e+00,2.258394e+00,2.181609e+00,1.776948e+00,1.246099e+00,-6.359930e-02,-8.053708e-02,9.171007e-02,2.169961e-01,2.959684e-01,3.014603e-01,2.585949e-01,2.559121e-01,2.818680e-01,3.567967e-01,3.658476e-01,3.062597e-01,-6.061554e-02,-4.774623e-01,-4.726835e-01,8.984818e-01,5.047478e-01,4.517363e-01,3.289628e-01,6.078057e-01,6.245443e-01,5.191641e-01,
nfluxinp=20,
rfluxinp=0.000000e+00,3.482055e+00,3.776498e+00,4.049263e+00,4.150106e+00,4.137682e+00,3.995291e+00,3.788729e+00,3.041599e+00,2.724498e+00,2.273598e+00,1.904311e+00,1.830274e+00,1.779016e+00,1.773119e+00,1.814916e+00,1.909296e+00,2.025943e+00,2.024900e+00,2.535299e+00,
zfluxinp=0.000000e+00,-1.386869e+00,-1.065723e+00,-6.099526e-01,-2.475005e-01,2.835994e-01,7.430029e-01,1.114174e+00,1.817838e+00,1.982984e+00,2.039971e+00,1.340800e+00,9.160000e-01,3.850000e-01,-3.980000e-02,-5.708000e-01,-1.101800e+00,-1.526600e+00,-2.365471e+00,-2.569123e+00,
/