&namelist20
t1=-1.895000e+00,
ctldelt=5.000000e-03,
nfluxrfm=9,
phiconrfm=-2.335793e-02,-2.045386e-02,-2.093730e-02,-2.028108e-02,-1.720532e-02,-1.930540e-02,-2.460535e-02,-4.231637e-02,6.601527e-03,
rfluxrfm=2.317426e+00,3.900500e+00,4.166300e+00,3.659300e+00,1.929200e+00,1.773100e+00,1.909300e+00,2.024900e+00,2.535300e+00,
zfluxrfm=-2.186922e+00,-8.919000e-01,-3.510000e-02,1.284900e+00,1.447000e+00,-3.980000e-02,-1.101800e+00,-2.280100e+00,-2.654500e+00,
ccurrfm=-1.825321e-03,-1.173040e-02,-1.226300e-02,-3.464761e-03,-1.207974e-02,-1.018740e-02,8.242575e-03,1.051026e-02,2.042375e-03,-1.719864e-02,-2.972204e-04,-1.395081e-04,
rjrfm= 3.011902e+00,
zjrfm= 4.235446e-02,
aiprfm=5.499285e+00,
rprfm=2.980000e+00,
sli=8.538292e-01,
/