&namelist20
t1=1.000000e+01,
ctldelt=5.000000e-03,
nfluxrfm=9,
phiconrfm=3.515236e-02,3.513331e-02,3.513808e-02,3.513580e-02,3.515739e-02,3.515310e-02,3.515270e-02,3.515455e-02,3.515182e-02,
rfluxrfm=2.274979e+00,3.900500e+00,4.166300e+00,3.659300e+00,1.929200e+00,1.773100e+00,1.909300e+00,2.024900e+00,2.535300e+00,
zfluxrfm=-2.155863e+00,-8.919000e-01,-3.510000e-02,1.284900e+00,1.447000e+00,-3.980000e-02,-1.101800e+00,-2.280100e+00,-2.654500e+00,
ccurrfm=-2.201098e-03,-1.084485e-02,-1.229798e-02,-3.025476e-03,-1.148892e-02,-1.047390e-02,8.032676e-03,1.358251e-02,-4.712036e-03,-1.447172e-02,1.176103e-06,1.207441e-06,
rjrfm= 3.000982e+00,
zjrfm= 4.369679e-02,
aiprfm=5.500006e+00,
rprfm=2.980000e+00,
sli=7.830400e-01,
/